5 3 0 0 7 0 0 0 0 
6 0 0 1 9 5 0 0 0 
0 9 8 0 0 0 0 6 0 
8 0 0 0 6 0 0 0 3 
4 0 0 8 0 3 0 0 1 
7 0 0 0 2 0 0 0 6 
0 6 0 0 0 0 2 8 0 
0 0 0 4 1 9 0 0 5 
0 0 0 0 8 0 0 7 9


3 9 0 8 5 6 4 2 7 
8 6 7 2 3 4 9 1 5 
4 2 5 7 1 9 6 8 3 
7 5 4 9 6 8 1 3 2 
2 1 6 4 7 3 5 9 8 
9 3 8 5 2 1 7 6 4 
5 4 3 6 9 2 8 7 1 
6 7 2 1 8 5 3 0 9 
1 8 9 3 4 7 2 5 6


3 9 0 0 5 0 0 0 0 
0 0 0 2 0 0 0 0 5 
0 0 0 7 1 9 0 8 0 
0 5 0 0 6 8 0 0 0 
2 0 6 0 0 3 0 0 0 
0 0 0 0 0 0 0 0 4 
5 0 0 0 0 0 0 0 0 
6 7 0 1 0 5 0 4 0 
1 0 9 0 0 0 2 0 0


3 9 0 8 5 6 4 2 7 
8 0 7 0 3 4 0 1 5 
4 2 5 7 1 9 6 8 3 
7 5 0 9 6 8 1 3 2 
2 1 6 4 0 0 5 0 8 
9 3 0 5 2 1 7 6 4 
5 4 0 6 9 2 8 7 1 
6 7 2 1 0 0 0 0 9 
1 8 9 3 4 7 2 5 6